p	Testées	Temps0					Temps1 (if)				Temps2 (while)				Temps2					Temps2'
1	1	57, 62, 62, 67, 64, 63, 64, 63		34, 45, 50, 45, 37, 38, 35, 39		42, 38, 40, 39, 37, 38, 55, 38		42, 41, 37, 37, 49, 37, 36, 37		36, 35, 34, 45, 36, 35, 38, 35
2	10	88, 89, 88, 88, 88, 92, 136, 88		52, 59, 53, 51, 52, 72, 58, 58		52, 58, 51, 52, 59, 51, 51, 71		94, 52, 52, 52, 51, 52, 52, 52		60, 49, 67, 49, 50, 48, 56, 57
3	977	134, 160, 135, 134, 125, 136, 184, 135	95, 84, 94, 94, 96, 113, 110, 95	96, 97, 96, 87, 98, 97, 275, 97, 97	101, 103, 91, 122, 91, 104, 113, 91	89, 126, 125, 88, 103, 99, 104, 101
4	883437278 37090604, 36958600, 37040737		31577598, 31534488, 31579618		31084560, 31072841, 31091043		26619850, 26337763, 26350780		27238262, 27266195, 27439178

p	Testées	Temps2					Temps21					Temps22
3	977	114, 93, 109, 93, 108, 92, 91, 115	92, 92, 107, 93, 92, 108, 92, 93	89, 88, 89, 104, 90, 94, 91, 105
4	883437278 28116404, 28119327, 28273001		28080876, 28101110, 28205604		27018256, 27028041, 26990084

p	Testées	Temps3(dépilement simple)
1	1	154, 37, 44, 43, 39, 39, 38, 39
2	10	53, 53, 71, 53, 54, 57, 63, 60
3	698	220, 87, 106, 128, 101, 89, 103, 79
4	255606684 9846638, 9910048, 9863418, 9760884

p	Testées	Temps4						Temps5
1	1	59, 40, 41, 37, 37, 37, 38, 37			63, 35, 35, 34, 36, 70, 34, 35
2	10	52, 63, 60, 53, 53, 59, 53, 60			69, 48, 50, 50, 129, 48, 57, 70
3	956	102, 93, 103, 105, 103, 103, 103, 119		127, 113, 131, 131, 168, 112, 101, 135
4	861145718 30781621, 30403831, 30446847, 30453651	40067425, 39493522, 39814760

p	Testées	Temps6
2	10	151
3	693	140
4	246818464 1129488, 11192256, 11177571, 11549659

p	Testées	Temps7
3	612	105, 89
4	233317466 10067008, 10027050